       98.40242930356732
       -3.34910155790448
       3.768266446439302
     0.03998566312102655
     -0.0359008291935904
   -0.003485578332701874
   -0.007090579153508039
      -2.559080563362707
       7.729234552971879
     0.06808299643483315
    -0.07007606565268676
    0.001579833606972914
   -0.004946465675517396
      -3.811627289265979
     -0.0754572173615887
     0.08495411393145004
   -0.001756541803962626
    0.007400116614019056
    -0.00671620041507957
    0.009547707030306416
   -0.003311610918384316
     0.01240959493268082
     0.01263281899769888
    0.002733413734151834
    0.004714217022496379
    0.001908245620059284
  -0.0005776957938115751
    0.004834026928471936
      -0.824325720717871
       5.516066011465711
     0.02358401146836928
    -0.01208582170988619
   -0.007713444593966653
    0.003190875397284944
      -7.411151844010296
     -0.1269440895008526
      0.0978753105261265
     0.02861237288373629
    0.001935275404375575
    -0.01020715761639133
     0.02211492881396115
   -0.001866165140291108
     0.01258468193599905
     0.02554378950032669
   -0.007020276317220372
   -0.006403456034140519
    0.000148651480520387
    0.004309453285127617
    0.006475625669141509
       2.377472201002836
     0.04553578076769939
    -0.04777338659758344
   -0.008364931984201393
    0.005597646264650209
     0.01132391218775982
    -0.03873536828188982
   -0.003639298959569323
    -0.03012575416530174
    -0.02115232671454977
    -0.00226523690768857
    -0.01172075420561647
   -0.002085463425164313
     0.01312994406412047
   -0.009169803961581595
    0.004604254994402902
    -0.02883845275678465
      0.0064540243542766
    0.004509089537894379
    -0.01247916374163628
     0.01183251228754698
    0.002567326801117487
    0.004968193509488766
    -0.01142184520702438
     0.01898650134765623
    0.007064423109637036
     0.01069366155861633
    -0.01042273096505603
   -0.009024966974706547
   -0.008443091520002277
    0.001865404866286363
   -0.004038294107285461
     0.02351070221877845
    0.005797031830179256
    0.004342731024474702
     0.08070801684027618
        1.36506706593345
    -0.02517787639466023
    0.001538123169673805
   -0.003178040196895209
  -6.801121151500666e-05
      -4.381146317494833
    -0.01333445449282569
     0.01416840124419862
     0.03136655190783927
    0.005657132648068365
    -0.01238752315801709
     0.02143978330851272
    -0.03694123585796234
     0.01412898949809956
    0.006517884949540885
    -0.01439636096810933
     0.01043419285836845
    -0.01202106021093331
    -0.01100266411572301
     0.01259468131324239
       4.051911322386595
     0.04694655421537526
    -0.02706822161017067
     -0.0221995161312503
    -0.03140334198877933
     0.02927077928800635
    -0.02069939748198923
     0.04357600042674111
    -0.02935144286112778
    -0.04442325831807883
     0.02462935868087079
    -0.01362712472211462
     0.01431247598631133
     0.01642532252716225
     0.00086124015838248
     0.03214276004510649
    -0.01845625194310997
     0.01716429631142552
     0.00308624557482802
    -0.04020580666042436
    -0.01496920575895083
      0.0138465597917535
    -0.01867349503680381
   0.0006932437528240631
    -0.02326381171180394
    0.006569000396237736
     0.01548562847606932
   -0.006455752560202366
     0.04294036774518623
     0.02454168674878325
    -0.00998585785625161
      0.0162188773597011
     0.01888222757390702
      0.0189129978844747
     0.00366806269254432
     -0.8884226228331693
    0.008454959756996856
    -0.01644383944683055
     0.01173227029773154
    0.002164852607652354
   -0.001361818008889283
  -0.0001256801589264375
     -0.0527542770005035
     0.02045286706706458
     0.02471181160514599
   -0.005218073141494327
   -0.002294678644084593
    -0.02267852999579783
    0.008315657898252032
     0.00345321041969248
    -0.03799341565432628
     0.01817780256414345
    -0.01967228902525736
    0.001198391753251093
      0.0493570883639802
    0.002108468931658065
     0.03007809995577497
     0.01571562610167891
     0.02209228365377736
    0.009575289078492926
    -0.01074012924116395
    -0.00678219009043142
    -0.01655716863877255
    -0.04010681482640035
   -0.005254729534205277
     0.01343337229174898
   -0.004271781826880088
    -0.03497902122367307
   -0.001860620161189125
   -0.001735942451874972
    0.005760745845485287
   -0.009685383988788931
   -0.001306197871650285
   0.0002747898173579705
     0.02122537006136151
     0.03743118444241614
     0.03815323237695073
    -0.01996581731791441
   0.0008954601056723587
    0.004605992515028476
     0.01565605596440723
    -0.01112867311375086
     0.01437801483250367
   -0.008434527386883574
    -0.00419284174573209
    -0.01125991865550352
     0.01656645699133893
     0.01381207631381013
   -0.009495432061845346
   -0.004594319933157422
    -0.01465212849835039
   -0.002842424280720384
   -0.003065198343448372
     0.00987667911121963
     0.02393199698254697
   -0.006561636965023758
    0.009187968251561249
     0.01407136649752087
      -0.022735608424395
   -0.002471145692914508
   -0.001454564044156432
    0.007090363849472503
     0.00110608171124655
     0.00148219233279134
   -0.001565321460101222
      0.1210432486947612
     -0.5555369204960823
    -0.01350446667694954
     0.02232503201620111
    0.008686423039436959
     0.01592395715940075
   0.0006167008555873349
     0.07051525555007924
    -0.07469616796260403
     0.01687032072654443
    -0.01980486643679052
     0.02380807135837302
    -0.02448203753126933
   -0.009128893953574066
   -0.002896290501912979
    0.003076931403718813
     0.02567706084294849
     0.00972992513338395
    0.006133852203099586
     0.02416835870143874
     0.02613013860194012
       1.215762615194283
    -0.04882741702141216
      0.1251873121798995
     -0.0329009464078517
     0.00427060835154449
   -0.008684265147241504
    0.003740186023090342
    0.006135404321209403
    -0.02565796575093876
    -0.01924630690449013
    -0.01040356013781042
     -0.0407216011255998
    -0.01026388498748958
    -0.02309499538498585
    -0.02258461839913972
     0.01056820092159813
    -0.02211191586828863
     0.01124572638755561
    -0.01573796875416412
     0.02213762226165461
     0.06136445577641299
     0.02076110660633834
    -0.01328997329152073
     0.01440939651125134
     0.00160612784525882
     0.01893595114497867
    0.003057634123396512
    -0.03137129533189203
    0.006480305413132654
     0.06116331162526469
     0.03070823741314315
    -0.02272350585310906
       0.021237799407637
     0.02134668336214837
     0.02578761363251965
     -0.9627135929218675
     0.06634937306539268
    -0.09825967466407358
     0.06594749411411792
   -0.004730514140282124
   -0.006088609970787348
    -0.01636230750470744
     0.01019126713961928
     0.04070938496942519
    0.004289710160425106
     0.01609109572824421
     0.05561936790527838
  -0.0002964895849144611
     0.02599874953186307
    -0.01278925506047395
    -0.02983546911802933
      0.0814732789964768
   -0.005700153920869949
     0.03993818701656758
      0.0588062380984419
    -0.02579921806286013
    -0.03612310450989817
     0.03779104842941524
    -0.04347338863938524
    0.004873484622146873
    -0.02558987525940622
   -0.009853401559117819
     0.04038950927418511
    -0.03034018364842869
     -0.1214472775609833
    -0.01899384420106204
       0.030060719545964
    -0.07596394649283283
     0.00203181177426115
    -0.02111939957628711
     0.01187735405282837
    -0.01788747759725087
     0.00677410152648375
    -0.02302558043205667
    0.004899702599753067
    -0.01344316290761079
     0.01840166723062864
   -0.007180153648280594
     0.01877840995014343
    -0.01043992037782344
    -0.03588457630349015
    -0.05135322943132336
     0.01103462688878704
     -0.0271372511728324
    -0.04686752239726255
    -0.01075917538308004
     0.02465028354283241
     0.04844374843928663
    -0.03107641834847671
    -0.03452646559601336
    -0.01494691665951055
    -0.00271725028616486
    0.005491755375530554
     0.02957165962195706
    0.004568681449112669
     0.02203008750006097
    0.008831681334470862
     0.01698764077882857
    -0.01244502394322761
     0.01589018786582759
   0.0007656017552205852
     0.02152256842395146
    0.002843355256767155
     0.05951565482139331
    0.007797786116620839
      0.1311739655808104
    -0.03271439119391135
     0.03187064149408324
    -0.02442474215182566
    0.007821393370090831
   -0.003983491567730129
    0.002914304078754537
   -0.002849614827021979
   -0.001780719355153088
   -0.004790811877095571
   -0.002572455450922356
   -0.003215221639202626
     0.01848527166645029
    -0.02450941790109321
    -0.01425680574103984
     0.01486568014206863
    -0.04623104473336734
     0.01077550190899214
    -0.02192356002361533
    -0.05831464919709614
     0.08551458063535956
    -0.02832455596684703
   0.0001695876645344679
     0.03728068591346432
     0.01570536900179705
  -0.0002792288460183711
    0.006083709819427033
   -0.007199897810782931
     0.01799275893424915
      0.0283219194449822
    -0.01382317386518207
    -0.02500841183865084
     0.03648696681821273
     0.00160584821620896
     0.03135298395643478
    -0.01946851483282149
     0.03230288219670498
   -0.005224565307356707
     0.03217562511836791
    -0.02931418144938609
    -0.01758561835607305
    -0.05277829044189747
      0.0277063148125433
     0.01269640600680354
     -0.0200021852494366
     0.02390628330014112
     0.06628894827110385
  -0.0005468643666206724
     0.03966170084868605
     0.02226142916474427
   -0.006045099507664589
   -0.005425047748066032
    -0.04665978535920673
     0.03052014439999261
    0.009425975700541697
    0.007412076599285257
  -0.0004319927128107817
     0.02784023309108423
    -0.01321595002926797
    0.005990691044759251
    -0.03777068176651134
   -0.006491429263682284
    -0.03633141149130625
    -0.02663131352291971
    -0.03216220430751396
    0.004777933408793081
    -0.01325173977754857
    -0.03080034150564058
    -0.04449618689016477
     0.01252085883824199
   -0.005873578825359303
    0.009216741171126478
    0.009916046712892812
    0.006193403183430334
     0.01296913890080226
      0.0079325445634797
   0.0007584812112446243
    0.009636362986101037
   -0.001122405028615159
     0.00605930617372466
    0.001882980101999013
    -0.01286039092313651
    0.003769480562193922
    -0.02143939795317168
    0.005918819975358078
    -0.02692913556371722
    -0.01199865692794681
     0.02859821259153089
     0.01988111601314034
     0.01309309154311551
    0.004416767644091815
    -0.01124036320062236
     0.00589734178807487
     0.03026253424203106
    -0.01947670038299307
     0.04508403837769091
     0.01439952900474678
    -0.01570682996743883
   -0.007226392405243726
    0.004540295652537855
     0.01345480399728738
    -0.01404027110181388
    -0.01414686840453551
    -0.01392199452244086
     0.00855586337301395
  -0.0007292723318242248
  -0.0001701570337688807
   0.0003729369610885672
    -0.01249778842019922
   -0.008087247003736859
     0.01480879727608395
    -0.01300501186222222
     0.06047319502157919
    0.005483244140926324
    0.003034438859151091
     0.01021351047178902
    -0.01629008665446636
    0.009148722168119544
    0.004426040172382517
     -0.0122365519257814
     0.00773225772918306
     0.01235154988159333
     0.01957408073832021
     0.02401008218209796
     0.01134776621521544
    0.003220051091094356
   -0.007570970181929135
     -0.3402774948234636
    0.008429804130590218
    -0.01429607218202469
    0.007642061488882926
    0.008930393776606774
       1.212654723919797
     0.04492341390446522
    -0.00939935100544155
    -0.02354726251627843
   -0.003861200052229383
   -0.004357188952198832
    -0.01386128748383121
    -0.02042198845066823
    0.003208065340970533
    0.001121054504601801
   -0.009856034384547567
    0.006077035578507167
   -0.002462708315748054
    0.001340681122857609
    0.008833527932144009
      -1.541383942963928
     -0.1378709973975506
     0.08464666943726606
    -0.01808658110006159
    0.002757692895423075
   -0.003584905439450108
     0.05029869274186174
     0.08043511223393984
    -0.02369698095031661
    0.005988123162456671
     0.04515495669012607
    0.004388163801923521
     0.01633155291727177
   -0.009858287755236868
    0.009119702589121301
    -0.01804647250987154
     0.01679936984899985
    0.001759822162389929
    0.003048101782887884
    0.007032225810205975
     0.04276149378174397
      0.0236740507769433
     0.01344829181042537
    -0.01104610020424773
    -0.01213670025077902
   -0.002654016058302233
     0.02043675640525844
     0.05753576403994363
     0.01147323048977106
     0.01758683379331227
    -0.02474170559466532
     0.02162326621913727
    0.006513558198557631
      0.0359069855227733
     0.02098805407657179
      0.9224546902890428
      0.1239465235046571
     -0.1938167382066209
     0.01691598111278523
    -0.01341185924230713
     0.01627422709396886
    -0.08698066157732341
   -0.008536694559219342
   -0.005689764314130381
    -0.01963524944337908
    -0.04555332086867091
      -0.013496536372789
    -0.02112959066982662
    -0.03744082663871888
    -0.04733891688105547
     0.01557248969957415
    -0.04038055163723711
    0.009793520409245353
    -0.01710157846792135
    0.006980614783210867
    -0.06567765522822339
    -0.08706696975933301
     0.02955735833516249
     0.03252474779359042
      0.0501343579795929
   -0.009112299939849536
   -0.006696175012933861
     0.02837040480539242
    0.007442255597169753
    -0.02404435304670427
     0.02320735876568321
   7.708798306915732e-05
      0.0604829205537479
    -0.05049421852033298
    -0.02098994614722795
    0.006975665119628868
     0.05361019220467345
    -0.01181688267063543
     0.02731968979430072
     0.03734246344029852
     0.02147637668369486
    -0.03449386092401351
    -0.01361307461923017
   -0.001735036339488856
    0.007728401373173498
    0.008853461637652604
    -0.02058328702474727
  -0.0004326904087464042
    -0.07106483300594957
     -0.1004979307531676
   -0.002011019967004396
     0.01028407388558422
     0.01731123973332582
    0.001984388693797148
     0.02408021618120017
    -0.01829275845282715
    -0.02732312991409893
     0.01250643224504078
    -0.01528865341764539
    -0.01917697125382285
     0.03274892488103739
    -0.00851040287908772
     0.05131786197045943
     0.01202613413335449
   0.0007990118180720776
    0.004590963675456663
     0.04008988998439989
    -0.01244970834858086
    -0.02130148774528977
     0.00593678477991285
     -0.2754015899144117
    -0.09374703014684466
       0.124806433133563
    -0.02249537737215974
     0.02961000169780793
    -0.04224563250129231
     0.04780950883140066
     0.04200361426451134
    -0.01249555034504295
     0.02712278418956588
     0.01106918089993587
    0.001350094504278773
     0.05588769320938528
   -0.009356652970684692
     0.02293599252945686
     0.04975086750433348
     0.02911230068108963
    -0.02922980910262181
    0.001445841073207194
    -0.05178456312422003
      0.1020493603489505
    -0.01063711594952917
    -0.07129446048178328
    -0.04578727134074248
    0.008313376534153122
    0.008086275012437347
    -0.01851072919031922
    -0.04491464892176257
     0.09268634723482899
     0.08052213871311852
     -0.0163435292123369
   -0.006294938982308776
    -0.07086587893809992
    0.003864335000220626
    -0.01227208621179305
    -0.04312183579870955
    -0.02468758025360781
     0.05338566655890115
  -0.0004964895078986842
    -0.07733947858796589
    -0.01394831468627328
     -0.1403560094987258
     0.03993971867198848
    0.007762069329721608
    -0.05107249769994768
    -0.02269521840395491
    -0.02528493734584694
    -0.02594081553229127
      0.1278479669784219
      0.1664960926860088
    -0.01168185065552368
    0.001956472423566571
    -0.03967787264692399
     -0.0227146248818491
    -0.06047368868870734
     0.03160916197178634
      0.0240882332690496
    0.009969457591083808
     0.02372476043352532
    -0.06630306691233402
    -0.02952574561152078
     0.02348150401848896
    -0.01085938961618362
     0.02062752562531656
     0.04426500456277228
    -0.02273029080044347
    -0.05845879363496403
      0.0176355228845375
     0.01824707528136545
     0.02002007484490687
    0.006545428289101432
     0.03178542156082242
    -0.02035891769675084
    -0.01919350710556388
    -0.01266858868862634
    0.003586100374597195
    -0.02968145988068938
    -0.00456472221629331
    -0.01267116419792375
   -0.003205946182065433
    -0.01065780984627928
     0.04773434675691589
     0.01269492366271163
   -0.006619301205634948
    -0.03747490867040865
    -0.04997219950638698
    0.002505703014233557
    0.006527605866483592
    0.008382148702739137
   -0.004889488373183384
    0.004093690136320174
     0.01175049514079738
     0.00580672461058581
    -0.01608947942686599
   -0.002851015836749404
   -0.002059713955476244
   -0.001265523093440413
    -0.05299297769722776
       0.121092251588252
     0.03680000461832364
      0.0188726170203513
     0.03734043859021122
    -0.03385641987973628
    -0.02568183806107889
    -0.02881274029866572
   -0.008213541325042734
    -0.01452539295944558
    0.002997223979014342
   -0.008562583390012091
     -0.0644070813332967
     0.01111153459981525
    0.002726825043534491
     0.02091972834849809
     0.02156361230247467
    -0.01520739076163807
     0.00164533225286019
    -0.03332940003636018
     0.01816569352539643
     0.02580992351792009
   -0.007821161823056109
   -0.003033378601054522
     0.02859153686956822
   -0.009093940826683501
    -0.02404448122627514
     0.03267704863215097
   -0.005691165544004721
     0.01108643636151208
    0.005367077875011526
    -0.01392073495419984
    0.008049190390503409
    -0.01229408982714249
     0.02359531009729789
    -0.04057874349866766
    -0.03057256076181758
     0.01821250075013472
    -0.02088308473229016
  -0.0005582628350394143
    -0.02984200341026999
    -0.03181803312799266
     0.01700212567054423
     0.01013709751057376
    -0.01956564042397897
    -0.01769651991776793
     0.02714824919737092
   -0.005814775669089452
    -0.02310121068178897
    -0.02372553560456842
      0.0416563843235655
     0.03822038098990116
     0.03046999001196971
    -0.01483689676339921
  -0.0005231128866846832
      0.0354952224036755
     0.02854328390082476
    -0.03291472463876444
    0.002511620620250565
      0.0400957370668744
    0.002256303963174139
    -0.02334194849801212
     0.04765607862218739
     0.01170054058581206
    0.006872356920679484
    0.009591655295356077
    0.004077230815604894
    -0.01021241759744176
     0.03699546355483492
     0.07181039752079842
  -0.0005974429066409881
    -0.04812447604419677
    -0.03658209201323134
     0.03554010586626806
     0.00236535769857954
    -0.04499947463054277
    -0.01479254105806873
    0.006939726906311505
    -0.01904771838138105
     0.01205400354594316
    -0.02774493393384224
    -0.04848615162288988
    -0.05417044885241232
     0.04951985176058991
     -0.0148384256743728
    -0.01790077582041688
    -0.04136140345876432
    -0.02554681193278813
    -0.07284522812663269
    0.001830282751856777
    -0.03859158041106876
     0.01419529511150665
    -0.04888368707787724
   -0.008870959735403305
     0.01674051611462997
     0.04496123274765423
     0.01009775612321168
     0.02157100355795004
    -0.01079370119515876
  -0.0001038091357167953
    -0.05014749853936011
     0.01137175284319214
     0.02218327103275376
     0.03571035729843793
    0.009245801912135615
     0.03060514234539041
     0.02073250153032787
     0.01373569332126726
   -0.004527278154676712
   -0.003410205798505955
    -0.05815499459900692
    -0.02924024713656162
     0.04498504531561748
    -0.03252885507043259
     0.07527532463121688
    -0.01864867960525532
    -0.04609914200342678
     0.04406085376220108
     0.01048633433892047
     0.01559267747455125
    0.001348933988052581
    -0.03236361757172976
    -0.05664613178987221
     0.08870325928880507
    -0.02675377718008762
    -0.03103829974181099
     0.07439221644904603
    -0.07532572910656904
    -0.03871754466382363
    -0.03174824521044099
    -0.03288589608458997
     0.08601082402625113
     0.01809163581191833
     0.03966598582252711
     0.01182546577892923
    -0.01394939626392572
     0.01362476526574192
     0.01310157840144262
     0.06254876113726685
    -0.02080114819904022
     0.01726815047719556
     -0.1025784370336317
     -0.0659628725985322
     0.02395362958293081
   -0.006239229510011664
     0.01199233663530706
   -0.001452628572210124
      0.0331784519111594
     0.03996939147918403
     0.00104983079868428
    -0.03444965868696839
  -0.0007810528529080818
   -0.004507824354665797
    -0.01975833413942443
    -0.01630379770344326
   -0.004098661513170379
    0.003078502802287931
    -0.00261606914863689
    -0.01327466531767436
    -0.00776395561006174
   -0.002873576628664484
    0.002927444326124802
    -0.03411219448727953
    0.002540221125624714
   -0.004679607108080151
     0.01616657233284358
    -0.03500096456812988
    -0.03705716292608507
    0.002405882563368388
     0.05726093007458682
    -0.03076198697864526
   -0.003975973023611211
    -0.01624082291383794
   -0.003597062114851765
     0.01639419450881283
    -0.01106072201261316
     0.01096383945734683
    -0.01651268411365533
     0.01521812480860175
     0.02415699818226676
   -0.008076848192334282
     0.04652505886047333
    -0.07807908493253762
     0.03889600675010083
    -0.01111125739406936
  -0.0007531397977299696
   0.0002966760710458732
    0.007744118797344587
    0.006758964250055552
   -0.004997752664813371
     0.03019730592120472
     0.01364517728198251
     0.01345241073994761
    -0.01704724031508371
     0.05224705740070137
    0.007760353400446354
    0.001462244554096673
     0.01040136705712608
    0.006567134109121631
     -0.0165907405926187
    0.004356403488915764
     0.04548779374851872
    -0.05700992926528742
    -0.02468450185309345
    -0.03810986837641611
   -0.001037768193354832
     0.02326215109374286
    -0.01200964266261315
    -0.01768107348579401
   -0.005434817861105321
   -0.003306434312616666
    0.002871389896780131
     -0.0137659855562414
    0.004273788503038549
    0.007453183613284134
     0.02161300548208064
     0.00601988743874949
   -0.003833491544452526
     0.01591513391659335
     0.03770122151840355
    -0.01119867429070664
   -0.004285935663372875
   -0.003498753737644328
    -0.01151987781484803
    0.005991883477926313
    0.008109754835368826
    0.008586264065672452
     0.02477418019299624
     0.01958729131420747
     0.01384004187498147
    -0.05140386824782954
  -0.0007980978254253646
    0.004134931388194782
    0.003691810154888994
    0.007828335657104363
    0.008288076020238649
  -0.0001683426595313481
   0.0008740872171736913
    0.004856137656515616
   -0.009078382937473126
      0.0623806997804748
     0.02121250185735778
   -0.003034910939129741
    0.004945439900183285
   -0.004292975287563661
      0.3582103646651896
    -0.04485625734593948
    0.009900421075974053
    -0.01569725089847888
    -0.02007667724234349
     0.01227776880421415
   -0.002651954543330437
    0.007074394539261397
    -0.01354493065926002
    0.005688850890873592
   -0.003573654216382553
     0.01214330429821769
   -0.003134024423035717
    -0.03824042701391256
   -0.008130479077872316
      -1.396311043514753
    -0.04459232532673356
    0.006943864013755512
     0.04701833340147205
     0.03801213894830568
      -0.030511569668938
     0.06188844448374794
    -0.04482667520672216
    -0.01024641063696641
    -0.03503047588331548
    -0.04174317025849854
    -0.03705583187076843
    -0.01440346725160196
     -0.0425303462356257
    -0.03403480453456911
   -0.008272215079758716
    -0.03038831054810936
     0.02740405693958646
     0.05235259897405094
     0.01539467087626263
    0.004212918018801415
     0.04347520675922536
  -0.0004210259052386395
    -0.01866533828714809
     0.02522895107361539
   0.0009752456992998815
    -0.04666128558483027
      0.0177861222530022
     0.04957628238427655
    -0.02658808159085707
     0.02926025704516494
    0.008093674465574463
  -0.0001605013064186131
    -0.01818171851813333
   -0.005843074177643001
        1.80272787417923
     0.09024443726659002
     -0.1093813187630318
    -0.03252809447609324
    -0.07016656270873092
    0.008217072379454279
    -0.08489706549262635
     -0.0126805312725013
     0.03972073218394986
    -0.04015071172654357
    -0.02336972717167912
     0.03497407323055354
     0.06391751166361923
     0.03357754949612757
     0.03752157317247298
     0.02216166233894416
    0.007891285709602111
    0.007105145227387588
    -0.02700179709238909
    -0.03469166284814206
    -0.02668333845444586
    -0.04733495006140467
   -0.004480348532990897
     0.05014194010575757
    0.006743787569562044
    -0.01727519562577277
    0.008141943755462205
       0.046534183845465
    -0.04649157379400209
    -0.03782940760373038
    -0.02129239548544368
     0.02750574964450057
    -0.05188747910888523
    -0.01864141790797811
    0.002415625946012974
    0.003039050216988203
    -0.02231061803921863
    0.004771127635268782
    -0.03591894827054742
    -0.01875349802852311
  -0.0006405366033731263
     0.03146024480725828
    0.008329742951582869
    0.003446876356494877
    -0.04232320928822342
     0.01448435335163858
    -0.02649379645803954
     0.01987573442348275
    -0.03756322123652835
      0.1263322365981668
    -0.04135015183813365
   -0.002850236376917059
    -0.00544847401778098
    -0.02485541341026287
     0.01700386374769808
     -0.0127123139345494
      0.0177912845502127
     0.01633278414547782
     0.01444021023685885
    -0.05698314494647738
     0.03736370487688145
     0.02822465490020086
     0.01822739129584222
    -0.02656295804260349
     0.05651211437294993
    -0.01732901712385865
    -0.00120996891605573
     0.00298941738339295
     0.00896454927752427
      0.0424145977086338
      -1.104810963858431
     -0.1125056482463582
      0.1474698744545816
    -0.04177974272706528
     0.02394553318482667
    -0.01581944833096843
     0.07884823505584183
    -0.04237819392487796
    -0.02312744667496523
     0.03254228958290295
    -0.07569278641596928
    -0.04530570256190418
    -0.04356404247769151
   -0.004805226283254124
     0.06165579966960305
    0.003291904457167049
     0.04924054442096794
     -0.0504890907686403
    -0.03660908739559396
     0.03489844082461901
    -0.01403101185462216
    -0.03070832444206414
    -0.02652623557228808
    -0.01717976711050048
     -0.1026177903437901
     0.05212421822849651
    -0.01505293189641008
    -0.06585244157861181
    -0.05003956771026738
      0.1470540120680813
     0.07108835163650762
    -0.04989535763527668
    0.004164979694436077
     -0.0103028945389471
     0.02589989633584131
    -0.02251661471410957
    -0.01905863386895094
   -0.005405794502620159
    -0.02939787279726219
     0.04429953759823843
    -0.00484650666795533
     0.04886328664099648
    -0.02901404596209073
    -0.05779126396485273
     0.03141812040691011
     0.04126620383166671
   -0.006475839896309663
    -0.06278348049383342
     0.08987961091496069
     -0.1497355795598604
     0.01837054418938888
     0.04255266898757022
   0.0001991001056074887
     0.02117626369224479
     0.04587516327371272
     0.06272861943343547
     0.01615011261494676
     -0.1097322135105445
    -0.06639177596140566
     0.03014046673511827
    -0.05107623470916919
     -0.1065951475394115
     -0.0896524820349362
    -0.09576548823016795
     -0.0366180779711095
     0.02082115547351125
     0.06036164877180851
    0.004362202266974091
      -0.058425798013063
     -0.0670760222164091
   -0.001406293914353526
     0.03067203145317487
      -0.021757632509972
     0.00499277514631305
     0.04306296033597601
   -0.002249214941434055
    -0.04036262973996239
     0.05195394444928778
     0.04619583744279526
     0.02046176585337035
    -0.02476154908350819
       0.103032576559114
     0.01148363606228908
    -0.07251592904190832
      0.1016047148113463
    -0.01823865885313491
    -0.04396853943088726
    0.004290994887002353
     0.04951196036200037
    -0.01342614390458859
     0.01246484821116367
     0.05417121824755037
    -0.03084076464840671
     0.01715447390112738
      0.1409358965068586
     0.07395951479362367
     0.03788779244113274
    -0.04841686351607048
   3.896953248147539e-05
     0.01087882385094685
     0.01508526037406938
    0.006624305517439436
   -0.008613542395088991
    0.006121979042309822
       0.052486041886316
   -0.006449203542954956
    -0.01269991821309317
    -0.01025631849989718
     0.02726700074614996
    -0.01279606497058471
    0.002051727492296734
     0.02347499104118994
     -0.0388557407848449
    -0.05919000384597561
    0.006704129511743692
    0.007470136329778788
  -0.0008670001414166351
     0.05190376654943647
     0.01572721917453979
     0.08610387051185844
    0.006824125147430929
     0.00548865040152352
    0.006525168641363988
   -0.006446728366051866
  -2.725803052341935e-05
     0.01145092886900022
      0.2458708000049704
     0.05573660208866331
     -0.0294366661951536
     0.03911188199594874
    -0.03419630741750608
     0.02218530559520616
    -0.01697380320419486
     0.03830401486000466
    0.009021364543627258
    0.003531323119423183
     0.04997137173826161
    -0.02396703579155843
    -0.01432154228563041
     0.03043484815142841
   -0.006591904974718885
     0.02669461847296439
    -0.01567697609362709
     0.01222527908096037
     0.04397682666656647
     0.06722795901286144
     -0.1312274528683696
    -0.03074450962699518
   -0.003525552740617055
   -0.003169297266569504
       0.112312027797312
     -0.0629822463240232
     0.02121437571293225
    0.006438261295678593
    0.005005869755547891
    -0.01494143282439137
    -0.03563698107301691
     0.05648529232657179
     0.02178823864208733
     0.06130229300339086
    -0.04675606906599364
     0.06821369148035239
    0.005614605982663381
    -0.01196171816194028
    -0.03585799055232014
     0.05903003851199379
    -0.01724299911386395
      0.0479133446612139
     -0.1042788358338576
     0.03934439733296973
     0.02598622289857902
     -0.1255619104281361
     -0.1223058009021718
    -0.01108685082534454
     -0.1043204464105382
     0.09581982533044014
    -0.00728076514749687
     0.06143387196909206
     0.05624127404280449
   0.0005977025883889958
    -0.05965014865375673
   -0.009026225978810934
    -0.07082955935937946
     0.04217723469097262
     0.04348180519256217
    0.000267942741251026
    -0.01523967161885226
     0.06569946925498049
     0.07913685411488326
      0.0283784158146695
     0.00703824261843386
   -0.002426799623829468
     0.03121065391454958
     -0.0303575815038454
     0.03651962437208774
     0.02007921166471997
     0.01204205848604381
    -0.07741491082351064
      0.0111297682750776
   -0.007017230229002358
      -0.107512823428258
     0.04604558803418565
      0.1083052845916374
    0.001734907140316072
    -0.05827394081790896
     -0.0142492011142579
     0.04314402943707085
    -0.03854967249349314
    0.002777141067035166
     0.08515182860495651
     -0.1053656718283847
      0.2075648571327394
     0.08367731249890448
    -0.08507129738283788
     -0.0743391705509607
    -0.04633729029675981
     -0.0114565745006925
    -0.06139710323419367
     0.04527637949848085
    -0.06676450442040774
    -0.08010865797930133
    -0.01739130464418903
    -0.01123911841745856
     0.08676045490225633
     0.02076378734136547
    -0.06297118627914339
    -0.06971235495388364
     0.02818993229032772
     0.05325874931287511
     0.01038193948692306
    -0.06347196009256167
    -0.01722103916265556
     0.03663130105657712
    0.007409662662336003
     0.02417035550547177
    -0.05701044184433722
     0.01119131560315786
    -0.04667707440798376
    -0.09318925675560577
     0.03052355953240528
    -0.01699153941713231
    -0.03019996654019793
     -0.0228477653404342
    -0.08389004633863595
    -0.01208589470354571
    -0.06173857953923411
    -0.02150487626334736
    -0.04685959745999657
    -0.07454437401136658
     0.01622254034328682
    -0.06076114100056906
    -0.01141938374778591
    0.008873084148455251
    -0.02743373530131575
   -0.002980043646864113
   0.0004172163288555727
   -0.004643463919903765
    -0.02615185317590876
    0.005151014095163137
     0.01113280940089588
    -0.02968969065949058
    0.001806690153941526
     0.01294430550075165
     0.03015291782317067
    -0.07028910207184591
     0.04078341391338229
     0.08150481641398633
     -0.0211437213591763
    0.007175481754290045
    -0.04498352355723706
     0.03947978188479032
     -0.0167626919289711
    0.007625602623807442
     -0.0727369215324376
     0.03224336619715786
     0.02416251731232666
     0.02248494014851282
     0.01228648763633481
    -0.08132831932565029
     -0.1244534473405762
   -0.003926144892147432
   -0.008262183093480147
    -0.01077262471342719
    -0.02627822664038995
     0.01141619956110307
    -0.04393312917201687
    -0.02054479848030142
    -0.01625281752062812
     -0.0316001800330536
     0.06568311345869465
     0.02994054425765764
      0.0426899769572226
   -0.009488079930843447
     0.06575465755860113
     0.07779844517276115
    -0.01551401392676771
    -0.08782835752646478
     0.01636340048785563
    -0.05149907286251074
    -0.04517696916151731
    -0.04615686753090965
     0.01861952119259255
    0.004589257697449348
     0.03420942751616028
    0.004906724091770759
     0.05393331147932674
    0.006924479282049589
    0.009484445640873446
   0.0006328880545403287
   -0.005529643959881342
    -0.02933374049099368
    -0.02587820653472432
     0.03917931877109454
     0.02747156725137873
     0.01632213816870379
     0.03408813292110821
     -0.1022079765668918
    -0.03780422846748371
   -0.008818585300619339
     0.05736015634633479
    -0.04900913919105764
     0.03698372163902502
     0.01215643409905584
    -0.02176102679889766
    -0.04262248736296249
    -0.05340646619772091
   -0.003488365687647293
      0.0227500789032046
    -0.02073462992729061
    0.002334119857575513
   -0.009578524123655813
    0.004662215400905056
    -0.01958104497292845
     0.02625583230050785
     0.02193202981165698
     0.01602244527961101
     0.02168495400612495
    0.008675773659226955
    -0.02136809423355387
    0.009779223406107755
   -0.009403886657677874
    0.008706319517862396
    -0.02414578258027776
    0.001280404758939285
    -0.02734538018473388
    0.006493411986118941
     0.01233101527990242
      0.0242686734418892
    0.009729881191164065
   -0.009806139157198135
   -0.004841238399096087
    -0.01860510839505128
    -0.01444783700404102
  -0.0005202230078005382
    -0.03968650751985138
     0.00385409044270385
     0.06598187345647953
    -0.01623190451237022
   -0.004361282452269577
    0.007836386608473356
    0.005135154650311311
      0.0190791440525813
    -0.02869640837858512
   -0.007648939184526932
   -0.003200154325276067
    -0.01903392259089645
       0.028669473897869
    -0.01176840246378161
      0.0285003254631615
    -0.04332377398117741
    0.006719519662330139
    -0.02158230879788756
    -0.03354124943973369
     0.01031402938207789
     0.04074331161287587
    -0.03610355695168019
    0.008376179997237249
   0.0009278373700447092
     0.02908454077090648
    0.006957100465974558
    -0.05489433815909417
     0.03604417754774089
     0.01770313483520851
     0.08551258919391952
   -0.008662869886790131
    -0.02792394244301973
   -0.003535138917319103
   -0.001658365008242318
    -0.06255649975409411
    -0.05599177339954103
    -0.02068555893471538
    0.005423773133879844
     0.02476365732049254
     0.03548293416484702
     0.02049423568120139
     0.06855596235221678
   -0.008258322408764854
     0.01597462683546544
    -0.01904849962685952
   -0.003070582816107129
    -0.02810157855482801
   -0.004059146650118186
    -0.04123448493828821
     0.02788381822536776
     0.01567638327486227
    -0.01286381999591026
   0.0008796907355724665
     0.03027043262328115
   0.0004541529354463864
     0.05838385640183745
     0.07336190204224319
     0.01704114763499243
    -0.05656767529349543
    0.003854733881973479
     0.05361780941228349
     0.02607109353979565
     0.03677424132562381
     0.01979771820286182
     0.03010840840468254
   -0.008284574078821418
      0.0489468855158891
     -0.1570237492739036
    -0.04369032612480557
     0.04807840427034121
     0.08370904342033429
     0.03550249881713574
   0.0006930532140045353
    -0.02283708857891731
    -0.03701954154014864
     0.08183603228565969
    -0.04362020324689264
      0.0836057959056225
   -0.000980896190807351
    -0.09183473852512014
     0.08006249244551489
   -0.005779773513705178
      0.0467465225384212
    -0.02797231932913033
   0.0005844100377694894
    -0.03528537298074556
      0.0297400475963073
     0.03269239404932241
      0.0143977093922069
   -0.009263860480755948
    -0.01412046163340324
     0.01469040486757328
    -0.03286403488027721
     0.01430146871619859
     0.03480192426331385
      0.1248923950333046
     -0.0089807776749323
     0.02686205922296793
   -0.003867534748869722
     0.03173164417636783
    -0.06740283755963913
     0.04377942952047237
     0.01381404158430087
   0.0001039946390281044
     0.04927973075729168
    -0.00637392351442051
     0.04732124225592999
     0.02503452275311065
   -0.002462619243558173
     0.01921832194105594
     0.01956544184608089
   -0.008604907621969513
     0.02841141117289131
   -0.001600173319947176
    0.006581404637562058
    0.004880155266496169
    -0.01462846730754971
       0.035898687335141
    -0.03211181008316774
     0.05297225433153371
     0.07180814423240282
    -0.03307467446456042
    -0.04970275594265544
    -0.02192651163743142
     0.00765579120460249
    -0.05047710078528217
    -0.04225029783792818
    -0.04457948207910115
     0.03208017055678083
   -0.004869210387658029
     0.01014661052809618
   -0.006358631964818201
    -0.07065209156171603
     -0.0265023524903366
   -0.006956217933366593
     0.07491531375988414
    -0.04248378470639097
    -0.02720429007327735
   -0.002357794769738061
     0.07244615054024078
    -0.08396886419948885
    -0.03256845886505835
     0.02878753057754589
    -0.02969634738785589
    -0.02846122354997643
    -0.03226045563409602
    -0.02257168648081463
     0.03183722280099693
      0.0704704947163628
  -0.0007557966706552011
    -0.02176326586034727
     -0.0749014891733962
     0.06413595353453078
   -0.007161151673466232
    -0.01142615065950237
      0.1125085397295467
     0.01224000355857863
     -0.0438306042725391
    -0.01407342716795074
    -0.05714262670960378
     0.01453472158108033
      -0.090637821158224
   -0.002455905088638216
    -0.04110071119665201
    0.007337816857116368
     0.05287028981625566
     0.02597860844175168
    0.008131537332644323
    -0.01932918198638908
    -0.01471318263385007
    -0.02610993901807147
    -0.06627248151002793
    -0.04130421933715167
     0.02767136610362071
     0.01576740579197453
    -0.02174132677410948
    -0.03922055591849952
    0.002287951970644464
    -0.05233102834747791
   -0.008956784910141402
    -0.02919623743646295
    0.000293241637893682
     0.01882675976832998
     0.05293777496117525
     0.01187449344893823
    -0.01015359626773124
     0.03014188376950484
    -0.01327623455162429
    -0.01207381832573174
     0.01531559910160926
    -0.03309933351133355
   -0.003094395559267528
    0.008613563489565386
     0.01115784388817163
    -0.02025486835839643
    -0.01636952614464376
   0.0003184692055868063
     0.02409643870348285
     0.01160863939120918
    -0.01880900307347756
    -0.01088781065943434
     0.03344886403343426
    -0.04118002413558678
     0.01456959564650291
     0.01255773464528563
     0.03423351041089555
     0.03302535436627524
    -0.00344091715082399
     0.01174807595056114
     0.01923048284006787
     0.02625127727567284
   -0.003485648483372988
    0.007233494330628943
    0.004226808137620372
     0.02947918030948292
   -0.003910887552652099
     0.03544980364119299
     0.03681288695538579
    -0.02856519612830743
     0.04688116903214778
    -0.01222921901958307
    -0.02113161709011718
    0.008396595432551363
   -0.002501541001252355
    0.005136024350440069
    -0.02607025215992828
     -0.0099542517322741
    0.001459439418239202
    0.001416202016688503
    -0.00266109711913988
    -0.01832650949031513
     0.02387076659636431
     0.01634245539186316
    -0.02087628867082986
      0.1133850390245124
    0.008946876775920987
    0.005993389551807615
    -0.01278021993442907
     0.00636776502888925
   -0.004675694593415713
    0.004985853955576353
     0.04596402507064433
     0.02121377690049556
    0.008348668857760477
     0.04277308410349168
     0.03309374259700155
    0.007816866306928141
   -0.001146608850048275
      -0.031955080356317
     0.03552971202683383
    -0.01131310661342086
   -0.004560439025277821
    -0.03854517970004856
     0.01707872933497137
    0.002202171235061778
     0.02001588577968044
      0.0135328114768859
     0.03887897395212597
    0.009473005439357755
     0.04059695679956959
     -0.0306517184635629
    -0.04776749043311906
    0.007208979381748526
    -0.01218812830656755
    -0.03321798192167663
    -0.01687562836937456
    -0.02967258004287408
    -0.03415652353945953
    -0.02773937946063412
    0.004942665537884253
   -0.002441530745033046
    -0.02624236295313509
    0.006423829052363231
    -0.03344672270608376
     0.04776298213393576
    0.006352190862360982
    0.006684472050421914
    0.004746506317446442
     0.01826155150894394
    -0.03128933606122188
    -0.05168441707019598
     0.01081625920094703
   0.0001018568535619199
   0.0009770405084394834
    -0.01240355550763889
  -0.0009798050892598394
    -0.01137088898511375
    -0.04067149977586058
   0.0006159362147592946
    -0.03971653904504743
     0.00989924009697065
    -0.01221116056664955
     0.01541810531965196
     0.04340279903555898
     0.04490932960902762
   -0.000848543380062905
   -0.003159630864339458
     0.01237032992452045
    -0.01539490781614212
    -0.01655055430177899
     0.03451873550756464
     0.01613210050537905
     0.01739012182524972
     0.01131463578831003
     0.01291060332225948
   -0.004185298646705728
  -0.0006745305877051619
     0.01387284518234291
     0.02576259299045687
    0.002935560566895673
    0.003335910178593866
   -0.001631077608147624
